32001
1
1
1;1
0
-46,85;-46,84
-56,15;-41,54
-10,84;36,94
94,55;-23,94
87,05;-36,84

32001
1
1
1;2
0
-46,85;-46,84
-60,45;-39,04
-15,14;39,44
-1,64;52,95
103,75;-7,84
98,85;-26,44
91,65;-38,84

32001
1
1
1;3
0
-46,85;-46,84
-64,85;-36,54
-19,54;41,95
3,34;61,64
108,75;0,74
103,15;-28,94
96,25;-40,84

32001
1
1
2;1
0
-46,85;-46,84
-56,15;-41,54
-10,84;36,94
94,55;-23,94
87,05;-36,84

32001
1
1
2;2
0
-46,85;-46,84
-60,45;-39,04
-15,14;39,44
7,45;68,63
112,85;7,74
98,85;-26,44
91,65;-38,84

32001
1
1
2;3
0
-46,85;-46,84
-64,85;-36,54
-19,54;41,95
16,15;83,84
121,55;22,94
103,15;-28,94
96,25;-40,84

32001
1
1
3;1
0
-46,85;-46,84
-56,15;-41,54
-10,84;36,94
94,55;-23,94
87,05;-36,84

32001
1
1
3;2
0
-46,85;-46,84
-64,85;-36,54
-19,54;41,95
25,85;100,64
131,24;39,74
103,15;-28,94
96,25;-40,84

32001
1
1
3;3
0
-46,85;-46,84
-73,45;-31,54
-28,14;46,95
41,45;127,64
146,85;66,74
111,85;-33,94
105,65;-44,74

32001
1
1
4;1
0
-46,85;-46,84
-56,15;-41,54
-10,84;36,94
94,55;-23,94
87,05;-36,84

32001
1
1
4;2
0
-46,85;-46,84
-73,45;-31,54
-28,14;46,95
59,95;159,54
165,35;98,74
111,85;-33,94
105,65;-44,74

32001
1
1
4;3
0
-46,85;-46,84
-73,45;-31,54
-28,14;46,95
86,85;206,24
192,25;145,44
111,85;-33,94
105,65;-44,74

32001
1
1
5;1
0
-46,85;-46,84
-56,15;-41,54
-10,84;36,94
94,55;-23,94
87,05;-36,84

32001
1
1
5;2
0
-46,85;-46,84
-73,45;-31,54
-28,14;46,95
97,85;225,24
203,25;164,34
111,85;-33,94
105,65;-44,74

32001
1
1
5;3
0
-46,85;-46,84
-73,45;-31,54
-28,14;46,95
137,45;293,84
242,85;232,94
111,85;-33,94
105,65;-44,74

32001
1
1
6;1
0
-46,85;-46,84
-56,15;-41,54
-10,84;36,94
94,55;-23,94
87,05;-36,84

32001
1
1
6;2
0
-46,85;-46,84
-60,45;-39,04
-15,14;39,44
-8,34;41,25
97,05;-19,54
98,85;-26,44
91,65;-38,84

32001
1
1
6;3
0
-46,85;-46,84
-64,85;-36,54
-19,54;41,95
-5,84;45,65
99,55;-15,24
103,15;-28,94
96,25;-40,84

32001
1
1
7;1
0
-46,85;-46,84
-56,15;-41,54
-10,84;36,94
94,55;-23,94
87,05;-36,84

32001
1
1
7;2
0
-46,85;-46,84
-64,85;-36,54
-19,54;41,95
-8,34;41,25
97,05;-19,54
103,15;-28,94
96,25;-40,84

32001
1
1
7;3
0
-46,85;-46,84
-73,45;-31,54
-28,14;46,95
-5,84;45,65
99,55;-15,24
111,85;-33,94
105,65;-44,74

32001
1
1
8;1
0
-43,97;-44,28
-0,81;30,97
85,89;-18,82
78,32;-32,21

32001
1
1
8;2
0
-45,02;-45,34
-49,16;-43,03
-48,98;-41,68
-3,54;36,68
-3,04;36,91
88,57;-16,83
89,85;-18,38
82;-31,73
81,27;-32,76

32001
1
1
8;3
0
-45,02;-45,34
-52,53;-41,03
-52,48;-39,82
-5,29;42,4
-4,72;42,65
93,56;-15,09
94,82;-16,65
85,13;-32,94
84,38;-34,02

32001
1
0
9;1
0
9,1;-45,2;224,8

32001
1
0
9;2
0
9,1;-45,2;225,2

32001
1
0
9;3
0
9,1;-45,2;225,2

32001
1
1
10;1
0
-46,46;-46,79
-55,59;-41,57
-55,73;-41,08
-10,73;36,68
-10,49;36,82
13,65;22,16
10,24;16,37
89,12;-31,66
87,05;-36,52

32001
1
1
10;2
0
-46,46;-46,79
-59,75;-39,08
-59,53;-37,76
-14,89;39,39
-14;40,42
-2,13;52,28
-1,41;52,67
-0,68;52,44
22,8;38,83

32001
1
1
10;3
0
-46,46;-46,79
-63,76;-36,79
-64,32;-35,92
-63,45;-34,28
-19,26;41,85
-3,82;55,43
2,6;61,03
3,48;61,52
28,14;47,93

32001
1
1
11;1
0
-44,03;-43,11
-0,37;30,74
-0,16;30,92
82,39;-16,85
83,79;-17,75
83,84;-18,37
79,64;-26,42

32001
1
1
11;2
0
-43,85;-42,94
35,5;93,37
37,26;94,04
119,62;46,42
120,25;44,75
78,88;-26,78
78,22;-27,78

32001
1
1
11;3
0
-43,81;-42,9
46,02;111,58
52,06;121,4
53,72;120,6
135,43;73,25
135,22;70,71
79,36;-25,72

32001
0
1
12;1
0
-434;-434
-5;309
841;-180
758;-322

32001
0
1
12;2
0
-434;-434
-5;309
178;626
1024;137
841;-180
758;-322

32001
0
1
12;3
0
-434;-434
-5;309
265;778
1111;289
841;-180
758;-322

