32001
1
1
1;1
0
-81,15;-46,84
-94,45;-23,94
10,95;36,94
56,25;-41,54
46,95;-46,84

32001
1
1
1;2
0
-85,55;-49,34
-98,75;-26,44
-103,65;-7,84
1,75;52,94
15,25;39,44
60,55;-39,04
46,95;-46,84

32001
1
1
1;3
0
-89,85;-51,84
-103,05;-28,94
-108,64;0,75
-3,24;61,65
19,65;41,94
64,95;-36,54
46,95;-46,84

32001
1
1
2;1
0
-81,15;-46,84
-94,45;-23,94
10,95;36,94
56,25;-41,54
46,95;-46,84

32001
1
1
2;2
0
-85,55;-49,34
-98,75;-26,44
-112,74;7,75
-7,34;68,64
15,25;39,44
60,55;-39,04
46,95;-46,84

32001
1
1
2;3
0
-89,85;-51,84
-103,05;-28,94
-121,44;22,95
-16,04;83,85
19,65;41,94
64,95;-36,54
46,95;-46,84

32001
1
1
3;1
0
-81,15;-46,84
-94,45;-23,94
10,95;36,94
56,25;-41,54
46,95;-46,84

32001
1
1
3;2
0
-89,85;-51,84
-103,05;-28,94
-131,13;39,75
-25,74;100,65
19,65;41,94
64,95;-36,54
46,95;-46,84

32001
1
1
3;3
0
-98,55;-56,84
-111,75;-33,94
-146,74;66,75
-41,34;127,65
28,25;46,94
73,55;-31,54
46,95;-46,84

32001
1
1
4;1
0
-81,15;-46,84
-94,45;-23,94
10,95;36,94
56,25;-41,54
46,95;-46,84

32001
1
1
4;2
0
-98,55;-56,84
-111,75;-33,94
-165,24;98,75
-59,84;159,55
28,25;46,94
73,55;-31,54
46,95;-46,84

32001
1
1
4;3
0
-98,55;-56,84
-111,75;-33,94
-192,14;145,45
-86,74;206,25
28,25;46,94
73,55;-31,54
46,95;-46,84

32001
1
1
5;1
0
-81,15;-46,84
-94,45;-23,94
10,95;36,94
56,25;-41,54
46,95;-46,84

32001
1
1
5;2
0
-98,55;-56,84
-111,75;-33,94
-203,14;164,35
-97,74;225,25
28,25;46,94
73,55;-31,54
46,95;-46,84

32001
1
1
5;3
0
-98,55;-56,84
-111,75;-33,94
-242,74;232,95
-137,34;293,85
28,25;46,94
73,55;-31,54
46,95;-46,84

32001
1
1
6;1
0
-81,15;-46,84
-94,45;-23,94
10,95;36,94
56,25;-41,54
46,95;-46,84

32001
1
1
6;2
0
-85,55;-49,34
-98,75;-26,44
-96,95;-19,54
8,45;41,24
15,25;39,44
60,55;-39,04
46,95;-46,84

32001
1
1
6;3
0
-89,85;-51,84
-103,05;-28,94
-99,45;-15,24
5,95;45,64
19,65;41,94
64,95;-36,54
46,95;-46,84

32001
1
1
7;1
0
-81,15;-46,84
-94,45;-23,94
10,95;36,94
56,25;-41,54
46,95;-46,84

32001
1
1
7;2
0
-89,85;-51,84
-103,05;-28,94
-96,95;-19,54
8,45;41,24
19,65;41,94
64,95;-36,54
46,95;-46,84

32001
1
1
7;3
0
-98,55;-56,84
-111,75;-33,94
-99,45;-15,24
5,95;45,64
28,25;46,94
73,55;-31,54
46,95;-46,84

32001
1
1
8;1
0
-76,85;-34,18
-86,58;-17,73
-0,17;32,3
44,2;-44,4

32001
1
1
8;2
0
-79,72;-36,13
-91,59;-16,1
-90,38;-14,59
1,69;39,22
2,22;38,9
48,81;-42,64
48,43;-43,51
45,12;-45,34

32001
1
1
8;3
0
-82,61;-37,44
-96,27;-14,17
-95,1;-12,64
3,8;44,73
4,4;44,44
51,62;-39,09
52,58;-40,99
45,04;-45,25

32001
1
0
9;1
0
9,1;-45,2;224,8

32001
1
0
9;2
0
9,1;-45,2;225,2

32001
1
0
9;3
0
9,1;-45,2;225,2

32001
1
1
10;1
0
-11,7;23,73
10,9;36,91
55,73;-40,4
55,98;-41,18
55,64;-41,54
47,34;-46,26
46,97;-46,54

32001
1
1
10;2
0
-19,86;40,16
1,52;52,73
2,24;52,46
15,08;39,61
58,93;-36,17
59,88;-37,92
59,9;-39,11
46,65;-46,87

32001
1
1
10;3
0
-24,5;49,51
-3,37;61,35
-2,5;61,15
19,94;41,57
63,92;-34,48
64,47;-35,95
63,91;-36,82
46,65;-46,87

32001
1
1
11;1
0
-80,24;-23,58
-83,69;-18,36
-83,58;-17,72
-82,11;-16,81
0,26;30,86
0,48;30,92
41,66;-40,14
42,54;-41,56
43,61;-43,21

32001
1
1
11;2
0
-80,59;-23,68
-120,04;44,71
-119,46;46,4
-37,14;93,98
-35,42;93,43
-31,61;87,04
43,31;-43,51

32001
1
1
11;3
0
-80,3;-23,59
-134,96;70,63
-135,23;73,19
-52;121,51
-46,1;112,02
43,31;-43,51

32001
0
1
12;1
0
-682;-394
-815;-165
-21;294
352;-352

32001
0
1
12;2
0
-682;-394
-815;-165
-998;152
-204;611
-21;294
352;-352

32001
0
1
12;3
0
-708;-409
-841;-180
-1085;304
-291;763
5;309
434;-434