32001
1
1
1;1
0
-60,32;-0,37
-58,88;155,19
60,23;155,22
60,84;0,05

32001
1
1
1;2
0
-65,36;-0,4
-65,35;152,64
-64,67;157,09
-62,67;165,17
-60,28;173,31
-57,72;173,74
60,54;173,76
61,94;170,09
65,14;157,98
65,85;153,58
65,82;0,5

32001
1
1
1;3
0
-70,33;-0,44
-70,34;152,39
-69,67;156,65
-60,68;182,62
-58,21;183,73
58,31;183,73
61,04;183,41
70,06;157,3
70,84;153,26
70,85;0,54

32001
1
1
2;1
0
-60,32;-0,37
-60,03;64,94
-55,49;60,88
0,94;9,2
1,14;9,21
55,25;59,65
61,37;65,34
60,84;0,05

32001
1
1
2;2
0
-65,36;-0,4
-65,74;70,11
-55,21;60,57
0,69;9,26
0,95;9,23
53,25;58,31
65,84;70,11
65,82;0,5

32001
1
1
2;3
0
-70,63;-0,44
-70,64;153,04
-69,55;156,37
-62,14;163,77
-60,07;165,24
60,17;165,24
62,28;163,88
69,67;156,43
70,84;153,26
70,85;0,54

32001
1
0
3;1
0
9,28;179,2;225,2

32001
1
0
3;2
0
9,28;-44,4;2,8

32001
1
1
3;3
0
-80,65;-0,51
-80,65;151,82
-79,89;155,6
-62,37;164,39
-60,07;165,24
60,17;165,24
62,49;164,44
80,02;155,66
80,83;151,98
80,87;0,61

32001
1
0
4;1
0
9,28;179,2;225,2

32001
1
0
4;2
0
9,28;-44,4;2,8

32001
1
1
4;3
0
-80,65;-0,51
-80,65;151,82
-79,89;155,6
-62,37;164,39
-60,07;165,24
60,17;165,24
62,49;164,44
80,02;155,66
80,83;151,98
80,87;0,61

32001
1
0
5;1
0
9,28;179,2;225,2

32001
1
0
5;2
0
9,28;-44,4;2,8

32001
1
1
5;3
0
-80,65;-0,51
-80,65;151,82
-79,89;155,6
-62,37;164,39
-60,07;165,24
60,17;165,24
62,49;164,44
80,02;155,66
80,83;151,98
80,87;0,61

32001
1
1
6;1
0
-60,32;-0,37
-60,33;152,57
-59,96;154,78
-58,88;155,19
60,23;155,22
60,85;153,63
60,84;0,05

32001
1
1
6;2
0
-65,36;-0,4
-65,35;152,64
-64,95;157,76
-62,9;173,02
-60,46;190,82
-57,84;191,82
57,94;191,82
60,85;191,73
64,05;168,53
65,34;158,48
65,85;153,58
65,82;0,5

32001
1
1
6;3
0
-70,33;-0,44
-70,34;152,39
-69,86;157,08
-61,4;203,58
-59,8;208,8
-56,8;209,33
60,05;209,32
61,83;204,67
70,35;157,96
70,84;153,26
70,85;0,54

32001
1
1
7;1
0
-60,32;-0,37
-60,33;152,57
-59,96;154,78
-58,88;155,19
60,23;155,22
60,85;153,63
60,84;0,05

32001
1
1
7;2
0
-70,33;-0,44
-70,34;152,39
-69,96;157,3
-65,78;189,11
-60,89;224,37
-58,59;228,45
58,77;228,74
61,35;225,7
70,45;158,18
70,84;153,26
70,85;0,54

32001
1
1
7;3
0
-80,35;-0,51
-80,34;151,24
-80,05;155,92
-61,46;254,31
-58,88;259,47
-55,17;259,86
59,06;259,82
61,81;255,36
80,54;156,67
80,83;151,98
80,87;0,61

32001
1
0
8;1
0
9,28;179,2;225,2

32001
1
0
8;2
0
9,28;-44,4;2,8

32001
1
0
8;3
0
9,28;-43,6;225,2

32001
1
0
9;1
0
9,28;-45,2;224,8

32001
1
0
9;2
0
9,28;-45,2;225,2

32001
1
0
9;3
0
9,28;-45,2;225,2

32001
1
1
10;1
0
-60,32;-0,37
-60,33;152,57
-59,96;154,78
-58,88;155,19
60,23;155,22
60,85;153,63
60,84;0,05

32001
1
1
10;2
0
-65,36;-0,4
-65,35;152,64
-64,67;157,09
-62,67;165,17
-60,28;173,31
-57,72;173,74
60,54;173,76
61,94;170,09
65,14;157,98
65,85;153,58
65,82;0,5

32001
1
1
10;3
0
-70,33;-0,44
-70,34;152,39
-69,67;156,65
-60,68;182,62
-58,21;183,73
58,31;183,73
61,04;183,41
70,06;157,3
70,84;153,26
70,85;0,54

32001
1
1
11;1
0
-48,57;-0,28
-50,05;143,93
-49,1;144,44
48,12;144,55
48,85;0,05

32001
1
2
11;2
0
-48,03;48,37;168,65

32001
1
2
11;3
0
-48,57;48,84;259,97

32001
1
0
12;1
0
9,28;179,2;225,2

32001
1
0
12;2
0
9,28;-44,4;2,8

32001
1
0
12;3
0
9,28;-43,6;225,2

